6868111 11588 vix unum exemplum (21, 7 188688886888) ,affere pos-
sumus, quie ubique participia quue ,huc referri possint, 8618888
68888818318886, ut pro enuntiato temporali 8888 8818886888, qiam
proprium 886 participiorum tempus 8138168888.

Primo loco contulimus participia temporis praesentis, quibus
ν6888858888 accuratius 1881188688, quae 18 nostram, linguam conver-
68868 sunt per Ρ886188188,,818 686888 88668886 bc‘t Haec 8886·
72, 5 adpetenti;34 ,88 88861888, 35, 5 8811888888, 35,9 euntem· ,45,2
“ 56888888, 45, 11 8868868888, 50„ 88816888, 50, 8 8866888, 51 ,48881888
664 8688818888, 564 6811888, 56, ,88 88688888, 56,8 6888886888;
61‘,9 gerens3 6l,41 8861888, 61, 54 61888888, 61, ,889 88618888, 62, 54
8888886888, 62, 58 (1811886888, 63 ,7888881888 63, 8588688688, 63, 48
818888, 63, 78 888818888, 63, 77 8618881888, 64,7 8888886888, 64, 10
8881883888, 64 ,58 pm 88886888, 84 8,464 816888, 64 ,884 Ρ8ο88166888,
64, 897 88868888888, 66185 883888, 64,884 egredientem, 64, 123

discedeus3 64, 854 discedens, 64, 845 iuranti· (,64, 849 8888886888,
64, 888 88886888888, 64, 885 Ρ8888818888, 64, 885 1888888888, 64, 8 10
8886811888, 64, 858 8888888, ,64, 848 absumens ; 64, 849 88Ρ886888;
64, 855 6888688688, 18688688688, 6487918888168888, 64, 875 88888-
688, 64 ,887 11888888, 64 ,897 Ρ886888, 64, 585 8886188688, 64, 589
Ρ81188688, 64 ,558 88686888888, 64, 589 8888886888, 64, ,578 88818888,
64, 495 88686888888, 65 ,9 88881888, 66, 10 588868886888, 66 ,85 Ρο8-

68888, 66, 89 88166888, 66, 55 1888811888, 66 ,89 68888, 68, 21 monens;
68, 49 688888, 68 ,84 88818888, 68,57 6838888, 68, 885 6811888, 68 ,849
8088888, 968118881881888, 9668888188618. ·

Etiam perfecti temporie Ρ886181Ρ18168 sunt 8888858868, 86883881-
688886 tempus 5888888818 ut 15, 8 occupati3 25 ,85 (18888888, 6685
88888688, 63 ,58 comi 6868, 64, 888 888868, 68, 8 οΡΡ888888, 68 ,73
innixe, 8118. Simili niodo Ρ886181Ρ1888Ρ888888618 6888Ρο818 813816-
cet tempus perfectum2116,1 requirens.

Plerumque 688888 ed tempus perfectum denotandum perti-
cipie perfecti temporis usurpate sunt ut his 88 locis: 17, 89 sup
Ρ888868, 21, 85 1888888688, 267 8888688, 36918881, 32, 88 Ρ8888-Ι
888, 44, 88 88688688, 45, 88 8881868, 56818888888, 57,5188Ρ888888,
62, 45 888Ρ688, 668 888688, 63, 58 8888868, 64, 58 8888168, ’64, 88
(18185888, 64, 74 83888888, 64, 888 8886886868, 648888113888888, 64, 888 ”
(1881886888,Ι 64, 858 88886888, 64, ’8 55 8888688, 64, 859 Ρ81888, 64, 848
1883888888, 64, 878 8881888, 64, 885 plcx0s3 64, 898 8886818688,1 668
88886888, 66, 88 888688, 66, 88 (1888868, ,66, 57 8866168,- 67, 58 suppo-

816888, 68, 8 οΡΡ888888, 68, 48 88886888, 68, 75 188188, 68, 98 compo-² ³

816888, 68, 99 sepultum 68, 888 18888688, 68, ,849 confectum ,1061
vectus.

 

